shape_id,shape_pt_lat,shape_pt_lon,shape_pt_sequence,shape_dist_traveled
1,2.05947136,45.38644484,1,0.0
1,2.05944678,45.38643153,2,3.09
1,2.05914427,45.3857665,3,84.29
1,2.05889454,45.38509427,4,164.01
1,2.05843142,45.38379389,5,317.47
1,2.05768539,45.38151739,6,583.82
1,2.05651365,45.37777644,7,1019.7
1,2.05379176,45.3704966,8,1883.69
1,2.05268549,45.36767226,9,2220.86
1,2.04981265,45.35987101,10,3145.05
1,2.0523564,45.35894461,11,3444.62
1,2.05261613,45.35882769,12,3476.14
1,2.05289298,45.35845385,13,3527.79
1,2.05377786,45.35715286,14,3702.49
1,2.05395647,45.35690115,15,3736.76
1,2.05406215,45.35660923,16,3771.27
1,2.05406513,45.35624433,17,3811.87
1,2.05322639,45.3507343,18,4431.82
1,2.05146648,45.33967217,19,5677.76
1,2.05084637,45.33557596,20,6138.59
1,2.05041298,45.33300243,21,6428.87
1,2.05009619,45.33200066,22,6545.7
1,2.04880869,45.32848717,23,6961.69
1,2.04778092,45.32564018,24,7298.18
1,2.04553634,45.31935195,25,8040.47
1,2.04295736,45.31224314,26,8881.16
1,2.04281768,45.31191166,27,8921.14
1,2.04263014,45.31148718,28,8972.72
1,2.04174451,45.30984661,29,9179.84
1,2.04104271,45.30856126,30,9342.54
1,2.04088121,45.308387,31,9368.89
1,2.04040565,45.30810401,32,9430.18
1,2.03957211,45.30763262,33,9536.23
1,2.03848405,45.3070376,34,9673.55
1,2.03828907,45.3069125,35,9699.21
1,2.0381432,45.30668164,36,9729.54
1,2.03813129,45.30647983,37,9752.03
1,2.0384394,45.30586173,38,9828.77
1,2.03971352,45.30364401,39,10112.88
1,2.03479417,45.3009482,40,10734.04
1,2.03468469,45.30087393,41,10748.69
1,2.03262223,45.30460375,42,11222.18
1,2.0303929,45.30330625,43,11507.84
1,2.02639479,45.30104561,44,12016.46
1,2.02251163,45.2988279,45,12511.68
1,2.01784447,45.29611789,46,13109.37
1,2.01924973,45.29362173,47,13427.59
1,2.02096664,45.29056749,48,13816.81
1,2.02215911,45.28845177,49,14086.61
1,2.02540848,45.28263758,50,14826.53
1,2.02590739,45.28174881,51,14939.75
1,2.02760488,45.27868298,52,15329.07
1,2.02808615,45.27780112,53,15440.68
1,2.02932076,45.27560412,54,15720.64
1,2.03001891,45.27441398,55,15873.9
1,2.03005033,45.27427058,56,15890.23
1,2.03131866,45.27208278,57,16171.14
1,2.03198462,45.2708543,58,16326.38
1,2.03223139,45.27046628,59,16377.45
1,2.03250192,45.26993102,60,16444.09
1,2.03297706,45.26907523,61,16552.83
1,2.03391738,45.26738128,62,16768.06
1,2.03392045,45.26730766,63,16776.26
1,2.03464082,45.26610295,64,16932.17
1,2.0351198,45.26524716,65,17041.12
1,2.0356072,45.26445424,66,17144.49
1,2.0357313,45.26473087,67,17178.18
1,2.03546021,45.26469412,68,17208.44
1,2.0351198,45.26524716,69,17280.56
1,2.03464082,45.26610295,70,17389.51
1,2.03392045,45.26730766,71,17545.42
1,2.03391738,45.26738128,72,17553.61
1,2.03297706,45.26907523,73,17768.85
1,2.03250192,45.26993102,74,17877.59
1,2.03223139,45.27046628,75,17944.23
1,2.03198462,45.2708543,76,17995.3
1,2.03131866,45.27208278,77,18150.54
1,2.03005033,45.27427058,78,18431.45
1,2.03001891,45.27441398,79,18447.78
1,2.02932076,45.27560412,80,18601.04
1,2.02808615,45.27780112,81,18881.0
1,2.02760488,45.27868298,82,18992.61
1,2.02590739,45.28174881,83,19381.92
1,2.02540848,45.28263758,84,19495.15
1,2.01924973,45.29362173,85,20894.09
1,2.01784447,45.29611789,86,21212.31
1,2.02251163,45.2988279,87,21809.99
1,2.02639479,45.30104561,88,22305.21
1,2.0303929,45.30330625,89,22813.83
1,2.03262223,45.30460375,90,23099.5
1,2.03468469,45.30087393,91,23572.98
1,2.03479417,45.3009482,92,23587.64
1,2.03971352,45.30364401,93,24208.8
1,2.0384394,45.30586173,94,24492.91
1,2.03813129,45.30647983,95,24569.65
1,2.0381432,45.30668164,96,24592.14
1,2.03828907,45.3069125,97,24622.47
1,2.03848405,45.3070376,98,24648.13
1,2.03957211,45.30763262,99,24785.45
1,2.04040565,45.30810401,100,24891.49
1,2.04088121,45.308387,101,24952.78
1,2.04104271,45.30856126,102,24979.14
1,2.04263014,45.31148718,103,25348.96
1,2.04281768,45.31191166,104,25400.53
1,2.04295736,45.31224314,105,25440.52
1,2.04553634,45.31935195,106,26281.21
1,2.04778092,45.32564018,107,27023.49
1,2.04880869,45.32848717,108,27359.99
1,2.05009619,45.33200066,109,27775.98
1,2.05041298,45.33300243,110,27892.8
1,2.05084637,45.33557596,111,28183.08
1,2.05146648,45.33967217,112,28643.91
1,2.05322639,45.3507343,113,29889.85
1,2.05406513,45.35624433,114,30509.81
1,2.05406215,45.35660923,115,30550.4
1,2.05395647,45.35690115,116,30584.92
1,2.05377786,45.35715286,117,30619.19
1,2.05289298,45.35845385,118,30793.89
1,2.05261613,45.35882769,119,30845.53
1,2.0523564,45.35894461,120,30877.06
1,2.04981265,45.35987101,121,31176.62
1,2.05268549,45.36767226,122,32100.81
1,2.05379176,45.3704966,123,32437.99
1,2.05651365,45.37777644,124,33301.97
1,2.05768539,45.38151739,125,33737.85
1,2.05843142,45.38379389,126,34004.2
1,2.05889454,45.38509427,127,34157.67
1,2.05914427,45.3857665,128,34237.39
1,2.05944678,45.38643153,129,34318.58
1,2.05944777,45.38645415,130,34321.1
2,2.03632056,45.33811265,1,0.0
2,2.03632372,45.33805877,2,6.0
2,2.03591722,45.33596837,3,242.86
2,2.03463978,45.33608295,4,384.69
2,2.03411739,45.33618482,5,443.56
2,2.033741,45.33410466,6,678.69
2,2.03378119,45.33381783,7,710.9
2,2.0337986,45.33317985,8,781.91
2,2.03373699,45.33231937,9,877.88
2,2.03354142,45.33119351,10,1004.98
2,2.03326282,45.33055419,11,1082.49
2,2.03432099,45.33021643,12,1205.38
2,2.03671729,45.32942163,13,1484.72
2,2.036728,45.32899943,14,1531.7
2,2.03665835,45.32853836,15,1583.57
2,2.03637707,45.32771408,16,1680.41
2,2.03508449,45.3242534,17,2091.08
2,2.03485008,45.32359531,18,2168.74
2,2.03368475,45.32096429,19,2488.55
2,2.03303109,45.31929427,20,2687.91
2,2.03261318,45.31793251,21,2846.29
2,2.0323426,45.31702513,22,2951.58
2,2.03222741,45.31634157,23,3028.69
2,2.03201042,45.31421986,24,3265.94
2,2.03172243,45.31136099,25,3585.58
2,2.03169316,45.31122933,26,3600.58
2,2.03162863,45.31103383,27,3623.47
2,2.03155872,45.31088855,28,3641.39
2,2.03148703,45.31082398,29,3652.09
2,2.03144042,45.31074686,30,3662.09
2,2.03143684,45.3106231,31,3675.87
2,2.03148703,45.31055136,32,3685.59
2,2.03158202,45.31047962,33,3698.78
2,2.03167022,45.3097356,34,3782.13
2,2.03181175,45.30693409,35,4094.19
2,2.03186171,45.30643244,36,4150.27
2,2.03197025,45.30592476,37,4208.01
2,2.03210635,45.30553947,38,4253.44
2,2.03389375,45.30230634,39,4663.85
2,2.03469398,45.30087207,40,4846.3
2,2.03793541,45.29504192,41,5587.35
2,2.03962546,45.29200444,42,5973.5
2,2.04187284,45.28798264,43,6485.3
2,2.04331653,45.28540199,44,6813.8
2,2.04378513,45.28456763,45,6920.1
2,2.04417017,45.28394273,46,7001.62
2,2.04440963,45.28343763,47,7063.74
2,2.04475247,45.2829153,48,7133.12
2,2.0448151,45.28278907,49,7148.78
2,2.04488236,45.28268458,50,7162.58
2,2.04493899,45.28260665,51,7173.28
2,2.04502572,45.28259603,52,7182.94
2,2.04510536,45.28266864,53,7194.89
2,2.04511339,45.28277911,54,7207.21
2,2.04504103,45.28283772,55,7217.53
2,2.04494025,45.28283083,56,7228.7
2,2.04475247,45.2829153,57,7251.49
2,2.04440963,45.28343763,58,7320.87
2,2.04417017,45.28394273,59,7382.99
2,2.04378513,45.28456763,60,7464.51
2,2.04331653,45.28540199,61,7570.82
2,2.04187284,45.28798264,62,7899.31
2,2.03962546,45.29200444,63,8411.11
2,2.03793541,45.29504192,64,8797.26
2,2.03469398,45.30087207,65,9538.31
2,2.03389375,45.30230634,66,9720.77
2,2.03262319,45.30458358,67,10010.46
2,2.03210635,45.30553947,68,10131.19
2,2.03197025,45.30592476,69,10176.61
2,2.03186171,45.30643244,70,10234.35
2,2.03181175,45.30693409,71,10290.44
2,2.03167022,45.3097356,72,10602.5
2,2.03169874,45.31048071,73,10685.45
2,2.03179347,45.31054901,74,10698.39
2,2.03183931,45.31067132,75,10712.91
2,2.03181283,45.31078957,76,10726.39
2,2.03174662,45.31087213,77,10738.13
2,2.03175069,45.31101687,78,10754.24
2,2.03172243,45.31136099,79,10792.65
2,2.03201042,45.31421986,80,11112.29
2,2.03222741,45.31634157,81,11349.55
2,2.0323426,45.31702513,82,11426.65
2,2.03261318,45.31793251,83,11531.94
2,2.03303109,45.31929427,84,11690.33
2,2.03368475,45.32096429,85,11889.68
2,2.03485008,45.32359531,86,12209.49
2,2.03508449,45.3242534,87,12287.16
2,2.03637707,45.32771408,88,12697.83
2,2.03665835,45.32853836,89,12794.66
2,2.036728,45.32899943,90,12846.53
2,2.03671729,45.32942163,91,12893.52
2,2.03432099,45.33021643,92,13172.85
2,2.03326282,45.33055419,93,13295.75
2,2.03354142,45.33119351,94,13373.26
2,2.03373699,45.33231937,95,13500.36
2,2.0337986,45.33317985,96,13596.33
2,2.03378119,45.33381783,97,13667.33
2,2.033741,45.33410466,98,13699.55
2,2.03411739,45.33618482,99,13934.68
2,2.03463978,45.33608295,100,13993.54
2,2.03591722,45.33596837,101,14135.37
2,2.03632372,45.33805877,102,14372.23
2,2.03635141,45.33810689,103,14378.4
3,2.03632451,45.33810059,1,0.0
3,2.03633925,45.33812395,2,3.07
3,2.03688241,45.34091702,3,319.55
3,2.03789025,45.34076238,4,432.31
3,2.03803907,45.34103926,5,467.23
3,2.03805356,45.34124372,6,490.04
3,2.03807096,45.34132582,7,499.37
3,2.03812007,45.34138553,8,507.95
3,2.03829908,45.34205103,9,584.59
3,2.03829162,45.34213188,10,593.62
3,2.03828043,45.3422003,11,601.33
3,2.03831648,45.34225255,12,608.38
3,2.03833886,45.34230728,13,614.95
3,2.03845197,45.34254375,14,644.08
3,2.04028882,45.34862307,15,1350.24
3,2.03900511,45.34900592,16,1498.44
3,2.03896031,45.34894718,17,1506.64
3,2.0388952,45.34891175,18,1514.85
3,2.03881753,45.3489049,19,1523.47
3,2.03873987,45.34895404,20,1533.65
3,2.03870903,45.3490249,21,1542.24
3,2.03872273,45.34911062,22,1551.89
3,2.03877071,45.34918377,23,1561.61
3,2.0388438,45.34920891,24,1570.16
3,2.03890145,45.34921186,25,1576.54
3,2.03939444,45.3514259,26,1828.81
3,2.03977666,45.35187059,27,1893.88
3,2.0398252,45.35242,28,1955.24
3,2.04354708,45.35603976,29,2531.03
3,2.04469134,45.35496499,30,2705.12
3,2.04478969,45.35491302,31,2717.43
3,2.04505899,45.35488997,32,2747.32
3,2.04540823,45.35488253,33,2785.95
3,2.04567946,45.35483544,34,2816.39
3,2.04591724,45.35475365,35,2844.22
3,2.04607329,45.35464459,36,2865.31
3,2.04634292,45.35447377,37,2900.67
3,2.04828302,45.35287107,38,3179.61
3,2.04961289,45.3517724,39,3370.83
3,2.04989131,45.35159784,40,3407.23
3,2.05014443,45.35147326,41,3438.46
3,2.05050084,45.35138838,42,3478.99
3,2.0508292,45.35135689,43,3515.46
3,2.05105575,45.35136747,44,3540.54
3,2.05159721,45.35146919,45,3601.48
3,2.05189989,45.35158241,46,3637.24
3,2.05222991,45.35181829,47,3682.18
3,2.05303369,45.35228825,48,3785.3
3,2.05341677,45.35251018,49,3834.33
3,2.05380691,45.35269761,50,3882.24
3,2.0548412,45.35309434,51,4004.83
3,2.05576191,45.3533665,52,4111.05
3,2.0578143,45.35371235,53,4341.23
3,2.06236495,45.35436133,54,4849.57
3,2.06333781,45.35428875,55,4957.45
3,2.06455814,45.35395999,56,5097.26
3,2.06518111,45.35395999,57,5166.14
3,2.06556513,45.35407527,58,5210.5
3,2.06627412,45.35441092,59,5297.34
3,2.07015429,45.35626341,60,5773.32
3,2.07788499,45.35991185,61,6719.61
3,2.08306278,45.36237017,62,7354.11
3,2.08576801,45.36364974,63,7685.39
3,2.08606423,45.36377982,64,7721.19
3,2.08640324,45.36403458,65,7768.19
3,2.0864726,45.36410115,66,7778.85
3,2.08657451,45.36414647,67,7791.19
3,2.08676984,45.36417905,68,7813.1
3,2.08722702,45.36432516,69,7866.2
3,2.09250533,45.36673658,70,8508.55
3,2.10209209,45.37126721,71,9682.33
3,2.10242709,45.3714816,72,9726.39
3,2.1025671,45.37158113,73,9745.42
3,2.1026596,45.37163692,74,9757.38
3,2.10279518,45.37166735,75,9772.75
3,2.10315326,45.37176599,76,9813.84
3,2.11529613,45.37745028,77,11298.0
3,2.11638039,45.37798502,78,11431.84
3,2.11667926,45.37817475,79,11471.05
3,2.11685351,45.37833142,80,11497.03
3,2.11695452,45.3783668,81,11508.87
3,2.11707069,45.37834153,82,11522.02
3,2.11714392,45.37820507,83,11539.23
3,2.11709594,45.37808124,84,11553.99
3,2.1169823,45.37802312,85,11568.12
3,2.11686361,45.37803828,86,11581.35
3,2.11638039,45.37798502,87,11635.11
3,2.11529613,45.37745028,88,11768.95
3,2.10315326,45.37176599,89,13253.11
3,2.10287392,45.37156291,90,13291.38
3,2.10276333,45.3714513,91,13308.81
3,2.1026847,45.37141508,92,13318.39
3,2.10251247,45.3714001,93,13337.51
3,2.10209209,45.37126721,94,13386.28
3,2.09250533,45.36673658,95,14560.07
3,2.08722702,45.36432516,96,15202.42
3,2.08681863,45.36406557,97,15256.02
3,2.08667798,45.36389284,98,15280.74
3,2.08655651,45.36385872,99,15294.7
3,2.0863434,45.36386086,100,15318.26
3,2.08606423,45.36377982,101,15350.42
3,2.08576801,45.36364974,102,15386.23
3,2.08306278,45.36237017,103,15717.51
3,2.07788499,45.35991185,104,16352.01
3,2.07015429,45.35626341,105,17298.3
3,2.06627412,45.35441092,106,17774.28
3,2.06556513,45.35407527,107,17861.11
3,2.06518111,45.35395999,108,17905.47
3,2.06483757,45.35396012,109,17943.46
3,2.06455814,45.35395999,110,17974.36
3,2.06333781,45.35428875,111,18114.17
3,2.06236495,45.35436133,112,18222.04
3,2.0578143,45.35371235,113,18730.39
3,2.05576191,45.3533665,114,18960.57
3,2.0548412,45.35309434,115,19066.78
3,2.05380691,45.35269761,116,19189.37
3,2.05341677,45.35251018,117,19237.29
3,2.05303369,45.35228825,118,19286.32
3,2.05222991,45.35181829,119,19389.43
3,2.05189989,45.35158241,120,19434.38
3,2.05159721,45.35146919,121,19470.14
3,2.05105575,45.35136747,122,19531.07
3,2.0508292,45.35135689,123,19556.15
3,2.05050084,45.35138838,124,19592.63
3,2.05014443,45.35147326,125,19633.15
3,2.04989131,45.35159784,126,19664.39
3,2.04961289,45.3517724,127,19700.79
3,2.04828302,45.35287107,128,19892.0
3,2.04634292,45.35447377,129,20170.95
3,2.04607329,45.35464459,130,20206.31
3,2.04591724,45.35475365,131,20227.4
3,2.04567946,45.35483544,132,20255.22
3,2.04540823,45.35488253,133,20285.67
3,2.04505899,45.35488997,134,20324.3
3,2.04478969,45.35491302,135,20354.18
3,2.04469134,45.35496499,136,20366.5
3,2.04354708,45.35603976,137,20540.58
3,2.0398252,45.35242,138,21116.38
3,2.03977666,45.35187059,139,21177.73
3,2.03939444,45.3514259,140,21242.8
3,2.03890145,45.34921186,141,21495.07
3,2.03897615,45.34915084,142,21505.76
3,2.03901121,45.34908372,143,21514.18
3,2.03900511,45.34900592,144,21522.86
3,2.04028882,45.34862307,145,21671.06
3,2.03845197,45.34254375,146,22377.22
3,2.0384221,45.34230072,147,22404.46
3,2.0384221,45.34222915,148,22412.42
3,2.03843075,45.34215994,149,22420.18
3,2.0383828,45.34208994,150,22429.6
3,2.03834195,45.34200667,151,22439.91
3,2.03822885,45.34137952,152,22510.79
3,2.03821909,45.34126755,153,22523.29
3,2.03803907,45.34103926,154,22555.56
3,2.03789025,45.34076238,155,22590.48
3,2.03688241,45.34091702,156,22703.24
3,2.03633925,45.33812395,157,23019.72
3,2.03634048,45.33809723,158,23022.7
4,2.05735534,45.38055766,1,0.0
4,2.05735863,45.38052394,2,3.77
4,2.05757567,45.38030593,3,37.89
4,2.05787904,45.37985347,4,98.38
4,2.05811499,45.37943474,5,151.77
4,2.05838094,45.3790481,6,203.88
4,2.05851988,45.37875235,7,240.19
4,2.05858976,45.37868901,8,250.65
4,2.05902179,45.37801402,9,339.64
4,2.05929884,45.37759447,10,395.47
4,2.05947067,45.37722509,11,440.75
4,2.05976663,45.37684338,12,494.36
4,2.05997677,45.37646939,13,542.01
4,2.06006049,45.37641996,14,552.78
4,2.06028056,45.37607334,15,598.38
4,2.06097909,45.3749072,16,749.36
4,2.06142584,45.37416185,17,845.88
4,2.06183849,45.37333776,18,948.29
4,2.06203893,45.37290629,19,1001.16
4,2.06224019,45.37250985,20,1050.56
4,2.06245585,45.37214577,21,1097.56
4,2.06289242,45.37135331,22,1198.07
4,2.06302192,45.37121974,23,1218.7
4,2.06340045,45.37071936,24,1288.35
4,2.06351799,45.37057184,25,1309.29
4,2.06352596,45.37045222,26,1322.62
4,2.06385668,45.36944149,27,1440.86
4,2.06397223,45.3691604,28,1474.64
4,2.06448225,45.36826729,29,1588.89
4,2.06492304,45.36727968,30,1709.08
4,2.06526086,45.36663636,31,1789.81
4,2.06572106,45.36558774,32,1917.09
4,2.06609508,45.36502807,33,1991.83
4,2.06616919,45.36455377,34,2045.23
4,2.06615368,45.36391822,35,2115.95
4,2.06609508,45.36329215,36,2185.9
4,2.06615195,45.36292824,37,2226.87
4,2.06615195,45.362416,38,2283.86
4,2.06608186,45.36143071,39,2393.74
4,2.06598132,45.36039205,40,2509.83
4,2.06578397,45.35899159,41,2667.14
4,2.06532722,45.35672101,42,2924.74
4,2.06501783,45.35469879,43,3152.29
4,2.064836,45.35383126,44,3250.88
4,2.06256947,45.34173329,45,4619.89
4,2.06187228,45.33820539,46,5019.86
4,2.0601168,45.33449296,47,5476.2
4,2.05743981,45.32674658,48,6387.39
4,2.05604927,45.32291706,49,6840.32
4,2.0549336,45.31969786,50,7219.1
4,2.05421386,45.31771157,51,7453.97
4,2.05389838,45.31681308,52,7559.83
4,2.05288074,45.3139185,53,7900.95
4,2.05234685,45.31243559,54,8076.16
4,2.05132517,45.30940825,55,8431.39
4,2.05121516,45.30933864,56,8445.81
4,2.05074274,45.30929331,57,8498.29
4,2.0491993,45.30933216,58,8669.02
4,2.04795274,45.30939692,59,8807.04
4,2.04293957,45.30978317,60,9363.04
4,2.04176482,45.30985502,61,9493.19
4,2.04001378,45.3100239,62,9687.72
4,2.03682161,45.31026482,63,10041.71
4,2.03461723,45.31043207,64,10286.17
4,2.0327055,45.31060506,65,10498.44
4,2.03182889,45.31066992,66,10595.64
4,2.03182999,45.31075232,67,10604.8
4,2.03174646,45.3108642,68,10620.3
4,2.0316588,45.31089211,69,10630.48
4,2.03154723,45.31088613,70,10642.84
4,2.03147153,45.31081038,71,10654.71
4,2.03142969,45.31071668,72,10666.12
4,2.03145161,45.31059907,73,10679.42
4,2.03143567,45.31051933,74,10688.47
4,2.03127032,45.3103459,75,10715.05
4,2.03035788,45.30981962,76,10831.7
4,2.02818613,45.30852655,77,11111.63
4,2.02689188,45.30775919,78,11278.27
4,2.02510952,45.30675412,79,11504.87
4,2.02100701,45.30432956,80,12032.64
4,2.01988837,45.30367958,81,12175.92
4,2.0198056,45.30361875,82,12187.3
4,2.01984065,45.303573,83,12193.7
4,2.02001896,45.3036645,84,12215.89
4,2.02102573,45.30425641,85,12345.23
4,2.02115524,45.30441929,86,12368.33
4,2.02510952,45.30675412,87,12876.91
4,2.02689188,45.30775919,88,13103.51
4,2.02818613,45.30852655,89,13270.15
4,2.03035788,45.30981962,90,13550.08
4,2.03127032,45.3103459,91,13666.73
4,2.03154245,45.31050682,92,13701.75
4,2.03159954,45.31048861,93,13708.38
4,2.03167566,45.31048861,94,13716.79
4,2.03176336,45.31052752,95,13727.41
4,2.03181548,45.31060286,96,13737.58
4,2.03182889,45.31066992,97,13745.19
4,2.0327055,45.31060506,98,13842.39
4,2.03461723,45.31043207,99,14054.66
4,2.03682161,45.31026482,100,14299.11
4,2.04001378,45.3100239,101,14653.11
4,2.04176482,45.30985502,102,14847.64
4,2.04293957,45.30978317,103,14977.78
4,2.04795274,45.30939692,104,15533.78
4,2.0491993,45.30933216,105,15671.81
4,2.05074274,45.30929331,106,15842.53
4,2.05121516,45.30933864,107,15895.01
4,2.05132517,45.30940825,108,15909.43
4,2.05288074,45.3139185,109,16439.85
4,2.05389838,45.31681308,110,16780.97
4,2.05421386,45.31771157,111,16886.84
4,2.0549336,45.31969786,112,17121.7
4,2.05604927,45.32291706,113,17500.49
4,2.05743981,45.32674658,114,17953.41
4,2.0601168,45.33449296,115,18864.6
4,2.06187228,45.33820539,116,19320.95
4,2.06256947,45.34173329,117,19720.92
4,2.064836,45.35383126,118,21089.92
4,2.06501783,45.35469879,119,21188.51
4,2.06532722,45.35672101,120,21416.06
4,2.06578397,45.35899159,121,21673.66
4,2.06598132,45.36039205,122,21830.98
4,2.06608186,45.36143071,123,21947.06
4,2.06615195,45.362416,124,22056.94
4,2.06615195,45.36292824,125,22113.93
4,2.06609508,45.36329215,126,22154.9
4,2.06615368,45.36391822,127,22224.85
4,2.06616919,45.36455377,128,22295.57
4,2.06609508,45.36502807,129,22348.97
4,2.06572106,45.36558774,130,22423.72
4,2.06526086,45.36663636,131,22550.99
4,2.06492304,45.36727968,132,22631.72
4,2.06448225,45.36826729,133,22751.91
4,2.06397223,45.3691604,134,22866.16
4,2.06385668,45.36944149,135,22899.94
4,2.06352596,45.37045222,136,23018.18
4,2.06351799,45.37057184,137,23031.52
4,2.06340045,45.37071936,138,23052.45
4,2.06302192,45.37121974,139,23122.1
4,2.06289242,45.37135331,140,23142.73
4,2.06245585,45.37214577,141,23243.24
4,2.06224019,45.37250985,142,23290.25
4,2.06203893,45.37290629,143,23339.65
4,2.06183849,45.37333776,144,23392.52
4,2.06142584,45.37416185,145,23494.92
4,2.06097909,45.3749072,146,23591.44
4,2.06028056,45.37607334,147,23742.42
4,2.06006049,45.37641996,148,23788.02
4,2.05997677,45.37646939,149,23798.79
4,2.05976663,45.37684338,150,23846.44
4,2.05947067,45.37722509,151,23900.06
4,2.05929884,45.37759447,152,23945.33
4,2.05902179,45.37801402,153,24001.16
4,2.05858976,45.37868901,154,24090.16
4,2.05851988,45.37875235,155,24100.61
4,2.05838094,45.3790481,156,24136.93
4,2.05811499,45.37943474,157,24189.03
4,2.05787904,45.37985347,158,24242.42
4,2.05757567,45.38030593,159,24302.91
4,2.05735863,45.38052394,160,24337.03
4,2.05734102,45.38049811,161,24340.5
5,2.08666054,45.36388191,1,0.0
5,2.08672845,45.36396496,2,11.91
5,2.08671713,45.36406186,3,22.76
5,2.08667563,45.36411723,4,30.44
5,2.08660143,45.36415246,5,39.53
5,2.0865134,45.36413233,6,49.52
5,2.0864543,45.36408325,7,58.04
5,2.08643166,45.36398006,8,69.78
5,2.08646939,45.36389575,9,80.05
5,2.08645178,45.36377117,10,94.04
5,2.08639907,45.36348367,11,126.56
5,2.08563418,45.36202587,12,309.46
5,2.08536027,45.36164684,13,361.38
5,2.08497463,45.36084063,14,460.68
5,2.08473052,45.36039911,15,516.73
5,2.08410019,45.35911755,16,675.43
5,2.0840383,45.35901663,17,688.57
5,2.08328591,45.35754182,18,872.53
5,2.08282978,45.35669318,19,979.57
5,2.0820115,45.35504979,20,1183.55
5,2.08125854,45.35359391,21,1365.66
5,2.0775092,45.34624169,22,2282.64
5,2.07404659,45.33956618,23,3118.17
5,2.07332261,45.3380888,24,3300.98
5,2.07258452,45.33670316,25,3475.4
5,2.07069522,45.33300907,26,3936.41
5,2.06926097,45.33021932,27,4284.94
5,2.06782853,45.32739436,28,4636.87
5,2.06576108,45.32340409,29,5136.18
5,2.06522029,45.32232123,30,5270.67
5,2.06466554,45.32128258,31,5401.49
5,2.06183002,45.31577049,32,6090.21
5,2.06108685,45.31425853,33,6277.41
5,2.05389838,45.31681308,34,7121.56
5,2.05234685,45.31243559,35,7637.89
5,2.05132517,45.30940825,36,7993.12
5,2.05121516,45.30933864,37,8007.54
5,2.05074274,45.30929331,38,8060.02
5,2.04947643,45.3093054,39,8200.05
5,2.0491031,45.30934419,40,8241.55
5,2.04928937,45.3088811,41,8297.04
5,2.054573,45.30157126,42,9298.36
5,2.04517913,45.28316794,43,11594.14
5,2.04503171,45.28284169,44,11633.92
5,2.04495193,45.28281913,45,11643.1
5,2.04488603,45.28274971,46,11653.71
5,2.04489123,45.28266468,47,11663.19
5,2.04491204,45.28262303,48,11668.36
5,2.04466057,45.2821805,49,11724.91
5,2.04204786,45.27711227,50,12358.45
5,2.04110873,45.27520246,51,12594.93
5,2.04040374,45.2738931,52,12760.15
5,2.03573153,45.26473627,53,13902.36
5,2.03562748,45.26447596,54,13933.52
5,2.03539335,45.26392931,55,13999.61
5,2.03504995,45.26330457,56,14078.81
5,2.03458082,45.26232407,57,14199.6
5,2.03269477,45.25867539,58,14655.96
5,2.0318623,45.25692524,59,14871.32
5,2.03140051,45.256134,60,14973.09
5,2.03105551,45.25546639,61,15056.58
5,2.03039612,45.25410251,62,15224.92
5,2.02775091,45.24910112,63,15853.53
5,2.03356892,45.24639073,64,16564.02
5,2.03375456,45.24631424,65,16586.24
5,2.03930223,45.24364813,66,17267.62
5,2.03375456,45.24631424,67,17949.0
5,2.03356892,45.24639073,68,17971.22
5,2.02775091,45.24910112,69,18681.71
5,2.03039612,45.25410251,70,19310.31
5,2.03105551,45.25546639,71,19478.65
5,2.03140051,45.256134,72,19562.15
5,2.0318623,45.25692524,73,19663.91
5,2.03269477,45.25867539,74,19879.28
5,2.03458082,45.26232407,75,20335.63
5,2.03504995,45.26330457,76,20456.42
5,2.03539335,45.26392931,77,20535.62
5,2.03562748,45.26447596,78,20601.72
5,2.03573153,45.26473627,79,20632.88
5,2.04040374,45.2738931,80,21775.09
5,2.04110873,45.27520246,81,21940.3
5,2.04204786,45.27711227,82,22176.79
5,2.04466057,45.2821805,83,22810.33
5,2.04491204,45.28262303,84,22866.87
5,2.04497801,45.28260138,85,22874.55
5,2.04504927,45.28260583,86,22882.45
5,2.04510939,45.28265262,87,22890.89
5,2.04511607,45.28271947,88,22898.36
5,2.04508489,45.28279745,89,22907.7
5,2.04503171,45.28284169,90,22915.37
5,2.04517913,45.28316794,91,22955.15
5,2.054573,45.30157126,92,25250.93
5,2.04928937,45.3088811,93,26252.25
5,2.04935417,45.30907065,94,26274.53
5,2.04940527,45.30917665,95,26287.6
5,2.04947643,45.3093054,96,26303.94
5,2.05074274,45.30929331,97,26443.97
5,2.05121516,45.30933864,98,26496.45
5,2.05132517,45.30940825,99,26510.88
5,2.05234685,45.31243559,100,26866.11
5,2.05389838,45.31681308,101,27382.43
5,2.06108685,45.31425853,102,28226.58
5,2.06183002,45.31577049,103,28413.78
5,2.06466554,45.32128258,104,29102.5
5,2.06522029,45.32232123,105,29233.32
5,2.06576108,45.32340409,106,29367.81
5,2.06782853,45.32739436,107,29867.13
5,2.06926097,45.33021932,108,30219.05
5,2.07069522,45.33300907,109,30567.58
5,2.07258452,45.33670316,110,31028.59
5,2.07332261,45.3380888,111,31203.01
5,2.0775092,45.34624169,112,32221.31
5,2.08125854,45.35359391,113,33138.29
5,2.0820115,45.35504979,114,33320.4
5,2.08282978,45.35669318,115,33524.39
5,2.08328591,45.35754182,116,33631.42
5,2.0840383,45.35901663,117,33815.38
5,2.08410019,45.35911755,118,33828.53
5,2.08473052,45.36039911,119,33987.22
5,2.08497463,45.36084063,120,34043.27
5,2.08536027,45.36164684,121,34142.58
5,2.08563418,45.36202587,122,34194.49
5,2.08639907,45.36348367,123,34377.4
5,2.08654974,45.36371602,124,34408.15
5,2.08666054,45.36388191,125,34430.3
6,2.03634307,45.33810692,1,0.0
6,2.0363374,45.33813528,2,3.22
6,2.03688007,45.34091366,3,318.08
6,2.0378967,45.34076172,4,431.76
6,2.03798476,45.34097319,5,457.22
6,2.0380674,45.34130666,6,495.43
6,2.03812836,45.34145306,7,513.06
6,2.03829092,45.34203459,8,580.2
6,2.0383004,45.34211863,9,589.61
6,2.03828279,45.34218641,10,597.4
6,2.0383424,45.34228672,11,610.36
6,2.03847313,45.3426107,12,649.19
6,2.04028978,45.34862395,13,1347.67
6,2.04493706,45.34721892,14,1884.79
6,2.04549384,45.34678988,15,1962.7
6,2.04791466,45.34477804,16,2311.62
6,2.04816043,45.34465507,17,2342.04
6,2.04842395,45.34456695,18,2372.79
6,2.04874072,45.34449181,19,2408.8
6,2.05103252,45.34403069,20,2667.36
6,2.05207499,45.34381072,21,2785.2
6,2.05259836,45.3437047,22,2844.26
6,2.05314991,45.34362936,23,2905.82
6,2.05402982,45.34342395,24,3005.76
6,2.05545912,45.34315238,25,3166.67
6,2.05676372,45.34291577,26,3313.31
6,2.05690854,45.34291689,27,3329.33
6,2.05777176,45.34270644,28,3427.61
6,2.05876015,45.34252115,29,3538.82
6,2.0597058,45.34236997,30,3644.73
6,2.06267629,45.34176617,31,3980.0
6,2.06684106,45.34096583,32,4449.05
6,2.06736557,45.34086886,33,4508.04
6,2.06787184,45.34075184,34,4565.51
6,2.06950945,45.34043198,35,4750.06
6,2.07005191,45.34030613,36,4811.65
6,2.07103856,45.34014257,37,4922.26
6,2.07403521,45.33953687,38,5260.4
6,2.07458917,45.33929031,39,5327.51
6,2.07525501,45.33894953,40,5410.33
6,2.07618118,45.3385061,41,5524.0
6,2.07628513,45.33848285,42,5535.78
6,2.07673913,45.33826075,43,5591.73
6,2.07732945,45.33796012,44,5665.08
6,2.0770373,45.33606634,45,5878.22
6,2.07746586,45.33600878,46,5926.04
6,2.07812673,45.33589088,47,6000.28
6,2.0792561,45.33571906,48,6126.61
6,2.07931003,45.33570205,49,6132.87
6,2.08014264,45.33560939,50,6225.51
6,2.08046545,45.33558688,51,6261.3
6,2.08166431,45.33544853,52,6394.75
6,2.08724236,45.33471335,53,7016.95
6,2.08844329,45.33453327,54,7151.24
6,2.08998856,45.33431845,55,7323.78
6,2.09056458,45.33425322,56,7387.88
6,2.09194263,45.33405329,57,7541.88
6,2.092722,45.33396821,58,7628.57
6,2.09388183,45.33382925,59,7757.75
6,2.0955773,45.3336279,60,7946.56
6,2.09624259,45.33352722,61,8020.97
6,2.10396686,45.33159102,62,8901.83
6,2.10445757,45.33144229,63,8958.56
6,2.10497691,45.33124477,64,9020.05
6,2.10587283,45.33076727,65,9132.45
6,2.10663363,45.33032524,66,9229.9
6,2.10776718,45.32968761,67,9373.92
6,2.10806422,45.32958022,68,9408.87
6,2.11509827,45.32737019,69,10224.6
6,2.11524905,45.32724773,70,10246.13
6,2.11911029,45.32608498,71,10692.25
6,2.12286956,45.32491909,72,11127.7
6,2.12362488,45.32467429,73,11215.55
6,2.12413454,45.32445192,74,11277.09
6,2.12537506,45.32389397,75,11427.65
6,2.12661456,45.32332582,76,11578.58
6,2.12919548,45.32215993,77,11892.06
6,2.13127082,45.32125312,78,12142.73
6,2.13211175,45.32088592,79,12244.3
6,2.13230237,45.32080023,80,12267.43
6,2.13254496,45.32073903,81,12295.11
6,2.13339767,45.32046675,82,12394.14
6,2.14285301,45.31752826,83,13489.58
6,2.14301774,45.31750683,84,13507.95
6,2.14346087,45.31737495,85,13559.1
6,2.14352512,45.31729747,86,13570.27
6,2.14343451,45.31729088,87,13580.32
6,2.14299303,45.31743924,88,13631.85
6,2.14285301,45.31752826,89,13650.23
6,2.13339767,45.32046675,90,14745.67
6,2.13254496,45.32073903,91,14844.7
6,2.13230237,45.32080023,92,14872.38
6,2.13211175,45.32088592,93,14895.51
6,2.13127082,45.32125312,94,14997.07
6,2.12919548,45.32215993,95,15247.75
6,2.12661456,45.32332582,96,15561.23
6,2.12537506,45.32389397,97,15712.15
6,2.12413454,45.32445192,98,15862.72
6,2.12362488,45.32467429,99,15924.26
6,2.12286956,45.32491909,100,16012.11
6,2.11911029,45.32608498,101,16447.56
6,2.11524905,45.32724773,102,16893.68
6,2.11509827,45.32737019,103,16915.21
6,2.10806422,45.32958022,104,17730.94
6,2.10776718,45.32968761,105,17765.89
6,2.10663363,45.33032524,106,17909.91
6,2.10587283,45.33076727,107,18007.35
6,2.10497691,45.33124477,108,18119.76
6,2.10445757,45.33144229,109,18181.25
6,2.10396686,45.33159102,110,18237.98
6,2.09624259,45.33352722,111,19118.84
6,2.0955773,45.3336279,112,19193.25
6,2.09388183,45.33382925,113,19382.06
6,2.092722,45.33396821,114,19511.24
6,2.09194263,45.33405329,115,19597.93
6,2.09056458,45.33425322,116,19751.93
6,2.08998856,45.33431845,117,19816.03
6,2.08844329,45.33453327,118,19988.57
6,2.08724236,45.33471335,119,20122.86
6,2.08166431,45.33544853,120,20745.06
6,2.08046545,45.33558688,121,20878.51
6,2.08014264,45.33560939,122,20914.3
6,2.07931003,45.33570205,123,21006.94
6,2.0792561,45.33571906,124,21013.19
6,2.07812673,45.33589088,125,21139.53
6,2.07746586,45.33600878,126,21213.77
6,2.0770373,45.33606634,127,21261.59
6,2.07732945,45.33796012,128,21474.73
6,2.07673913,45.33826075,129,21548.07
6,2.07628513,45.33848285,130,21604.03
6,2.07618118,45.3385061,131,21615.81
6,2.07525501,45.33894953,132,21729.48
6,2.07458917,45.33929031,133,21812.3
6,2.07403521,45.33953687,134,21879.41
6,2.07103856,45.34014257,135,22217.55
6,2.07005191,45.34030613,136,22328.16
6,2.06950945,45.34043198,137,22389.75
6,2.06787184,45.34075184,138,22574.29
6,2.06736557,45.34086886,139,22631.77
6,2.06684106,45.34096583,140,22690.76
6,2.06267629,45.34176617,141,23159.81
6,2.0597058,45.34236997,142,23495.07
6,2.05777176,45.34270644,143,23712.18
6,2.05690854,45.34291689,144,23810.46
6,2.05676372,45.34291577,145,23826.48
6,2.05545912,45.34315238,146,23973.12
6,2.05402982,45.34342395,147,24134.02
6,2.05314991,45.34362936,148,24233.97
6,2.05259836,45.3437047,149,24295.53
6,2.05207499,45.34381072,150,24354.59
6,2.05103252,45.34403069,151,24472.43
6,2.04874072,45.34449181,152,24730.99
6,2.04842395,45.34456695,153,24767.0
6,2.04816043,45.34465507,154,24797.74
6,2.04549384,45.34678988,155,25176.36
6,2.04493706,45.34721892,156,25254.26
6,2.04028978,45.34862395,157,25791.38
6,2.03847313,45.3426107,158,26489.86
6,2.03841064,45.34225646,159,26529.87
6,2.03843632,45.34218671,160,26538.13
6,2.03843082,45.34213165,161,26544.29
6,2.03838313,45.34208759,162,26551.49
6,2.03835561,45.34204538,163,26557.08
6,2.03823821,45.34142314,164,26627.51
6,2.03823087,45.34127722,165,26643.77
6,2.038163,45.34118177,166,26656.77
6,2.03798476,45.34097319,167,26687.22
6,2.0378967,45.34076172,168,26712.68
6,2.03688007,45.34091366,169,26826.36
6,2.0363374,45.33813528,170,27141.22
6,2.03631862,45.33811154,171,27144.58
7,2.03261237,45.30470246,1,0.0
7,2.03262223,45.30460375,2,11.04
7,2.0303929,45.30330625,3,296.7
7,2.02251163,45.2988279,4,1300.54
7,2.01784447,45.29611789,5,1898.22
7,2.01924973,45.29362173,6,2216.44
7,2.01833484,45.29311659,7,2332.17
7,2.01531138,45.29141801,8,2716.2
7,2.01366733,45.29047784,9,2925.93
7,2.01185178,45.28945464,10,3156.71
7,2.01091219,45.28890567,11,3277.23
7,2.00969782,45.28811681,12,3437.65
7,2.00850005,45.28731688,13,3597.21
7,2.00828429,45.28714158,14,3628.03
7,2.00805377,45.28689801,15,3665.23
7,2.00762224,45.28585358,16,3790.84
7,2.00661441,45.28334769,17,4091.07
7,2.00647795,45.28308382,18,4124.08
7,2.00554389,45.28169433,19,4309.99
7,2.00454344,45.28019135,20,4510.49
7,2.0035854,45.27879447,21,4698.56
7,2.00197177,45.27640392,22,5018.83
7,2.00038303,45.27409178,23,5330.32
7,1.99929222,45.27251499,24,5543.21
7,1.9985481,45.27140783,25,5691.34
7,1.99815161,45.27078228,26,5773.59
7,1.99720094,45.26919257,27,5979.33
7,1.99649463,45.26789073,28,6143.88
7,1.99445719,45.26427836,29,6604.6
7,1.99282869,45.2609392,30,7017.44
7,1.99151356,45.25806024,31,7369.2
7,1.99107793,45.2571289,32,7483.46
7,1.99073888,45.25654045,33,7558.9
7,1.99038747,45.25604354,34,7626.47
7,1.99003244,45.25567377,35,7683.34
7,1.98956269,45.25533014,36,7747.83
7,1.98883593,45.25498943,37,7836.68
7,1.98836546,45.25461602,38,7903.26
7,1.98800822,45.25425053,39,7959.95
7,1.98777866,45.25374909,40,8021.24
7,1.98747836,45.25198652,41,8220.12
7,1.98709658,45.25033388,42,8408.77
7,1.98690614,45.2498914,43,8462.31
7,1.98659303,45.24933441,44,8533.29
7,1.98634583,45.24890934,45,8587.91
7,1.986138,45.24866016,46,8623.92
7,1.98497067,45.24653848,47,8892.95
7,1.98478573,45.24626182,48,8929.91
7,1.98396082,45.24463574,49,9132.51
7,1.98276328,45.24246825,50,9407.62
7,1.98065418,45.23923476,51,9836.33
7,1.97964653,45.23779276,52,10031.66
7,1.97795451,45.23561162,53,10338.07
7,1.97690525,45.23397349,54,10554.12
7,1.97668595,45.2312784,55,10854.93
7,1.97650957,45.23019321,56,10977.23
7,1.97623307,45.22911756,57,11100.75
7,1.97599232,45.22827326,58,11198.38
7,1.97592768,45.22783638,59,11247.5
7,1.97590578,45.22765637,60,11267.68
7,1.97593035,45.2275005,61,11285.23
7,1.97616536,45.22657192,62,11391.76
7,1.97639439,45.22561077,63,11501.64
7,1.9764115,45.22517418,64,11550.25
7,1.97632166,45.22471618,65,11602.17
7,1.9757528,45.22349221,66,11752.16
7,1.9751217,45.22205987,67,11926.13
7,1.97485812,45.22142998,68,12002.03
7,1.97394778,45.21927827,69,12261.71
7,1.97387644,45.21904789,70,12288.53
7,1.97343136,45.21812637,71,12402.26
7,1.97273576,45.21642772,72,12606.29
7,1.97238148,45.2156076,73,12705.59
7,1.9721107,45.21479802,74,12800.5
7,1.97140861,45.21331677,75,12982.67
7,1.97106082,45.21257533,76,13073.68
7,1.97022902,45.21059276,77,13312.66
7,1.96905117,45.20770782,78,13659.04
7,1.96780813,45.20487766,79,14002.6
7,1.96709054,45.2032337,80,14201.97
7,1.966229,45.20127026,81,14440.28
7,1.96535771,45.19925267,82,14684.54
7,1.96415307,45.19650191,83,15018.31
7,1.96319627,45.19429371,84,15285.8
7,1.96057521,45.18841026,85,16001.65
7,1.95998362,45.1869558,86,16176.19
7,1.95929389,45.18551848,87,16353.36
7,1.95848791,45.18403275,88,16541.15
7,1.95725078,45.18133202,89,16871.29
7,1.95652651,45.18019084,90,17021.4
7,1.95596042,45.17929455,91,17139.14
7,1.95581723,45.17918127,92,17159.37
7,1.95567404,45.17913795,93,17175.92
7,1.95246304,45.17939294,94,17532.11
7,1.95231102,45.17943491,95,17549.56
7,1.95246304,45.17939294,96,17567.01
7,1.95567404,45.17913795,97,17923.19
7,1.95581723,45.17918127,98,17939.74
7,1.95596042,45.17929455,99,17959.98
7,1.95652651,45.18019084,100,18077.72
7,1.95725078,45.18133202,101,18227.83
7,1.95848791,45.18403275,102,18557.97
7,1.95929389,45.18551848,103,18745.76
7,1.95998362,45.1869558,104,18922.93
7,1.96057521,45.18841026,105,19097.47
7,1.96319627,45.19429371,106,19813.32
7,1.96415307,45.19650191,107,20080.81
7,1.96535771,45.19925267,108,20414.57
7,1.966229,45.20127026,109,20658.84
7,1.96709054,45.2032337,110,20897.15
7,1.96780813,45.20487766,111,21096.52
7,1.96905117,45.20770782,112,21440.08
7,1.97022902,45.21059276,113,21786.46
7,1.97106082,45.21257533,114,22025.44
7,1.97140861,45.21331677,115,22116.45
7,1.9721107,45.21479802,116,22298.62
7,1.97238148,45.2156076,117,22393.53
7,1.97273576,45.21642772,118,22492.83
7,1.97343136,45.21812637,119,22696.86
7,1.97387644,45.21904789,120,22810.59
7,1.97394778,45.21927827,121,22837.4
7,1.97485812,45.22142998,122,23097.09
7,1.9751217,45.22205987,123,23172.99
7,1.9757528,45.22349221,124,23346.95
7,1.97632166,45.22471618,125,23496.95
7,1.9764115,45.22517418,126,23548.86
7,1.97639439,45.22561077,127,23597.47
7,1.97616536,45.22657192,128,23707.36
7,1.97593035,45.2275005,129,23813.89
7,1.97590578,45.22765637,130,23831.44
7,1.97592768,45.22783638,131,23851.61
7,1.97599232,45.22827326,132,23900.74
7,1.97623307,45.22911756,133,23998.37
7,1.97650957,45.23019321,134,24121.89
7,1.97668595,45.2312784,135,24244.18
7,1.97690525,45.23397349,136,24545.0
7,1.97795451,45.23561162,137,24761.05
7,1.97964653,45.23779276,138,25067.46
7,1.98065418,45.23923476,139,25262.78
7,1.98276328,45.24246825,140,25691.5
7,1.98396082,45.24463574,141,25966.61
7,1.98478573,45.24626182,142,26169.21
7,1.98497067,45.24653848,143,26206.16
7,1.986138,45.24866016,144,26475.19
7,1.98634583,45.24890934,145,26511.2
7,1.98659303,45.24933441,146,26565.82
7,1.98690614,45.2498914,147,26636.81
7,1.98709658,45.25033388,148,26690.35
7,1.98747836,45.25198652,149,26879.0
7,1.98682847,45.25416763,150,27132.07
7,1.98777866,45.25374909,151,27246.99
7,1.98800822,45.25425053,152,27308.28
7,1.98836546,45.25461602,153,27364.97
7,1.98883593,45.25498943,154,27431.55
7,1.98956269,45.25533014,155,27520.4
7,1.99003244,45.25567377,156,27584.89
7,1.99038747,45.25604354,157,27641.76
7,1.99073888,45.25654045,158,27709.33
7,1.99107793,45.2571289,159,27784.77
7,1.99151356,45.25806024,160,27899.04
7,1.99282869,45.2609392,161,28250.79
7,1.99445719,45.26427836,162,28663.63
7,1.99649463,45.26789073,163,29124.35
7,1.99720094,45.26919257,164,29288.9
7,1.99815161,45.27078228,165,29494.64
7,1.9985481,45.27140783,166,29576.89
7,1.99929222,45.27251499,167,29725.02
7,2.00038303,45.27409178,168,29937.91
7,2.00197177,45.27640392,169,30249.41
7,2.0035854,45.27879447,170,30569.67
7,2.00454344,45.28019135,171,30757.75
7,2.00554389,45.28169433,172,30958.24
7,2.00647795,45.28308382,173,31144.15
7,2.00661441,45.28334769,174,31177.16
7,2.00762224,45.28585358,175,31477.39
7,2.00805377,45.28689801,176,31603.0
7,2.00828429,45.28714158,177,31640.2
7,2.00850005,45.28731688,178,31671.02
7,2.00969782,45.28811681,179,31830.58
7,2.01091219,45.28890567,180,31991.0
7,2.01185178,45.28945464,181,32111.52
7,2.01366733,45.29047784,182,32342.3
7,2.01531138,45.29141801,183,32552.03
7,2.01833484,45.29311659,184,32936.06
7,2.01924973,45.29362173,185,33051.79
7,2.01784447,45.29611789,186,33370.01
7,2.02251163,45.2988279,187,33967.69
7,2.02639479,45.30104561,188,34462.91
7,2.0303929,45.30330625,189,34971.53
7,2.03262223,45.30460375,190,35257.2
7,2.0325516,45.30464489,191,35266.25
8,2.03253879,45.30457131,1,0.0
8,2.03262319,45.30458358,2,9.43
8,2.03389375,45.30230634,3,299.12
8,2.03469398,45.30087207,4,481.58
8,2.03793541,45.29504192,5,1222.63
8,2.03962546,45.29200444,6,1608.78
8,2.04187284,45.28798264,7,2120.58
8,2.04331653,45.28540199,8,2449.07
8,2.04378513,45.28456763,9,2555.38
8,2.04417017,45.28394273,10,2636.9
8,2.04440963,45.28343763,11,2699.02
8,2.04475247,45.2829153,12,2768.4
8,2.0448151,45.28278907,13,2784.06
8,2.04488236,45.28268458,14,2797.86
8,2.04493899,45.28260665,15,2808.55
8,2.04502572,45.28259603,16,2818.21
8,2.04517164,45.28246976,17,2839.61
8,2.04537472,45.2823339,18,2866.67
8,2.04572079,45.28203093,19,2917.67
8,2.04641248,45.28153449,20,3012.01
8,2.04993935,45.27917099,21,3482.35
8,2.05051468,45.27866848,22,3567.04
8,2.05101356,45.2781745,23,3644.91
8,2.0515533,45.27755293,24,3736.25
8,2.05238185,45.27657264,25,3878.68
8,2.05406529,45.27460352,26,4166.15
8,2.0560934,45.272309,27,4505.94
8,2.05774191,45.27054935,28,4773.42
8,2.05990171,45.26819012,29,5128.28
8,2.06055243,45.26731376,30,5249.45
8,2.06126804,45.26627263,31,5389.72
8,2.06190301,45.26533426,32,5515.53
8,2.06299301,45.26364495,33,5738.79
8,2.06326459,45.26309777,34,5806.66
8,2.06353433,45.26224944,35,5905.64
8,2.06450322,45.25905812,36,6276.48
8,2.0648482,45.25795273,37,6405.23
8,2.06512345,45.25731741,38,6482.19
8,2.06540604,45.25685468,39,6542.4
8,2.06651622,45.25516538,40,6766.88
8,2.06837325,45.25229723,41,7146.31
8,2.06857877,45.25186022,42,7199.98
8,2.06873658,45.25140117,43,7253.95
8,2.06894837,45.25026861,44,7382.1
8,2.068973,45.24927036,45,7493.19
8,2.06919697,45.2402557,46,8496.35
8,2.06926808,45.23731488,47,8823.6
8,2.06929246,45.23583481,48,8988.28
8,2.069135,45.23483454,49,9100.91
8,2.06876218,45.23335752,50,9270.32
8,2.06867075,45.2325443,51,9361.35
8,2.06869614,45.23190795,52,9432.2
8,2.06876319,45.23140781,53,9488.33
8,2.06888103,45.23085685,54,9550.99
8,2.0691543,45.23011987,55,9638.37
8,2.06967341,45.22904235,56,9771.27
8,2.07049423,45.22733152,57,9982.13
8,2.07162083,45.22536047,58,10234.32
8,2.07257168,45.22371166,59,10445.75
8,2.07345548,45.22194188,60,10665.55
8,2.07405281,45.22069561,61,10819.12
8,2.07449573,45.21989865,62,10920.41
8,2.07545818,45.21829767,63,11127.89
8,2.07618162,45.21737231,64,11258.26
8,2.07725925,45.21645339,65,11415.26
8,2.07874081,45.21525961,66,11626.15
8,2.07919502,45.21476766,67,11700.43
8,2.07965191,45.21420754,68,11780.65
8,2.08005269,45.21350838,69,11870.17
8,2.08327931,45.2079251,70,12586.47
8,2.08346652,45.20765502,71,12622.96
8,2.08356325,45.20758264,72,12636.35
8,2.08357196,45.20750677,73,12644.84
8,2.08352665,45.20745096,74,12652.82
8,2.08344734,45.20743526,75,12661.76
8,2.08337588,45.20749979,76,12672.44
8,2.08336455,45.20759746,77,12683.37
8,2.08327931,45.2079251,78,12721.02
8,2.08005269,45.21350838,79,13437.32
8,2.07965191,45.21420754,80,13526.84
8,2.07919502,45.21476766,81,13607.06
8,2.07874081,45.21525961,82,13681.34
8,2.07725925,45.21645339,83,13892.23
8,2.07618162,45.21737231,84,14049.23
8,2.07545818,45.21829767,85,14179.6
8,2.07449573,45.21989865,86,14387.08
8,2.07405281,45.22069561,87,14488.37
8,2.07345548,45.22194188,88,14641.94
8,2.07257168,45.22371166,89,14861.75
8,2.07162083,45.22536047,90,15073.17
8,2.07049423,45.22733152,91,15325.36
8,2.06967341,45.22904235,92,15536.22
8,2.0691543,45.23011987,93,15669.12
8,2.06888103,45.23085685,94,15756.5
8,2.06876319,45.23140781,95,15819.17
8,2.06869614,45.23190795,96,15875.3
8,2.06867075,45.2325443,97,15946.14
8,2.06876218,45.23335752,98,16037.18
8,2.069135,45.23483454,99,16206.58
8,2.06929246,45.23583481,100,16319.21
8,2.06926808,45.23731488,101,16483.89
8,2.06919697,45.2402557,102,16811.14
8,2.068973,45.24927036,103,17814.31
8,2.06894837,45.25026861,104,17925.39
8,2.06873658,45.25140117,105,18053.54
8,2.06857877,45.25186022,106,18107.51
8,2.06837325,45.25229723,107,18161.18
8,2.06651622,45.25516538,108,18540.62
8,2.06540604,45.25685468,109,18765.09
8,2.06512345,45.25731741,110,18825.31
8,2.0648482,45.25795273,111,18902.26
8,2.06450322,45.25905812,112,19031.01
8,2.06353433,45.26224944,113,19401.85
8,2.06326459,45.26309777,114,19500.83
8,2.06299301,45.26364495,115,19568.71
8,2.06190301,45.26533426,116,19791.97
8,2.06126804,45.26627263,117,19917.77
8,2.06055243,45.26731376,118,20058.05
8,2.05990171,45.26819012,119,20179.22
8,2.05774191,45.27054935,120,20534.07
8,2.0560934,45.272309,121,20801.56
8,2.05406529,45.27460352,122,21141.34
8,2.05238185,45.27657264,123,21428.81
8,2.0515533,45.27755293,124,21571.24
8,2.05101356,45.2781745,125,21662.58
8,2.05051468,45.27866848,126,21740.45
8,2.04993935,45.27917099,127,21825.14
8,2.04641248,45.28153449,128,22295.49
8,2.04572079,45.28203093,129,22389.82
8,2.04537472,45.2823339,130,22440.82
8,2.04522253,45.28253323,131,22468.66
8,2.04510536,45.28266864,132,22488.53
8,2.04511339,45.28277911,133,22500.85
8,2.04504103,45.28283772,134,22511.17
8,2.04494025,45.28283083,135,22522.34
8,2.04475247,45.2829153,136,22545.13
8,2.04440963,45.28343763,137,22614.51
8,2.04417017,45.28394273,138,22676.63
8,2.04378513,45.28456763,139,22758.15
8,2.04331653,45.28540199,140,22864.46
8,2.04187284,45.28798264,141,23192.95
8,2.03962546,45.29200444,142,23704.75
8,2.03793541,45.29504192,143,24090.9
8,2.03469398,45.30087207,144,24831.95
8,2.03389375,45.30230634,145,25014.41
8,2.03262319,45.30458358,146,25304.1
8,2.03264022,45.3046513,147,25311.86
9,2.0321611,45.31060737,1,0.0
9,2.03182889,45.31066992,2,37.39
9,2.03181548,45.31060286,3,44.99
9,2.03176336,45.31052752,4,55.16
9,2.03167566,45.31048861,5,65.78
9,2.03159954,45.31048861,6,74.2
9,2.03154245,45.31050682,7,80.83
9,2.03145161,45.31059907,8,95.19
9,2.03142969,45.31071668,9,108.5
9,2.03147153,45.31081038,10,119.9
9,2.03154723,45.31088613,11,131.78
9,2.0316588,45.31089211,12,144.14
9,2.03174646,45.3108642,13,154.31
9,2.03182999,45.31075232,14,169.81
9,2.03182889,45.31066992,15,178.98
9,2.0327055,45.31060506,16,276.18
9,2.03461723,45.31043207,17,488.45
9,2.03682161,45.31026482,18,732.9
9,2.04001378,45.3100239,19,1086.9
9,2.04176482,45.30985502,20,1281.43
9,2.04293957,45.30978317,21,1411.57
9,2.04795274,45.30939692,22,1967.57
9,2.0491031,45.30934419,23,2094.91
9,2.04928937,45.3088811,24,2150.39
9,2.054573,45.30157126,25,3151.71
9,2.0574231,45.29761696,26,3692.86
9,2.057745,45.29714285,27,3756.49
9,2.05822884,45.2967276,28,3827.18
9,2.05886366,45.29651402,29,3901.29
9,2.07630539,45.29282622,30,5873.07
9,2.07688093,45.29279871,31,5936.78
9,2.07708423,45.29283409,32,5959.61
9,2.07720601,45.29282033,33,5973.16
9,2.07728066,45.29273581,34,5985.67
9,2.0775203,45.29262967,35,6014.68
9,2.07793476,45.29248618,36,6063.21
9,2.07950225,45.29215695,37,6240.36
9,2.08251133,45.29151339,38,6580.71
9,2.08779335,45.29039926,39,7177.78
9,2.09071497,45.2897825,40,7508.05
9,2.09214205,45.28948762,41,7669.22
9,2.0936966,45.28915878,42,7844.97
9,2.09485631,45.28875455,43,7980.86
9,2.09507484,45.28869989,44,8005.77
9,2.09514934,45.28874461,45,8015.4
9,2.09525364,45.28874793,46,8026.94
9,2.09534469,45.28868995,47,8038.9
9,2.09536456,45.28859138,48,8050.08
9,2.09534469,45.28852677,49,8057.59
9,2.09636864,45.28806705,50,8181.83
9,2.09757387,45.28752615,51,8328.06
9,2.09863018,45.28706892,52,8455.45
9,2.09929899,45.28703954,53,8529.48
9,2.10086623,45.28708495,54,8702.85
9,2.10335726,45.287109,55,8978.31
9,2.10520084,45.28718114,56,9182.32
9,2.10674938,45.28715709,57,9353.58
9,2.10895339,45.28714373,58,9597.29
9,2.11117341,45.28710098,59,9842.82
9,2.11219865,45.28729869,60,9958.3
9,2.1130637,45.28759525,61,10059.48
9,2.11410095,45.2879025,62,10179.16
9,2.11470099,45.2881318,63,10250.25
9,2.11583541,45.2881677,64,10375.75
9,2.11617842,45.2883382,65,10418.16
9,2.11663129,45.28840999,66,10468.86
9,2.11744511,45.28840102,67,10558.86
9,2.11823428,45.28858947,68,10648.6
9,2.11922745,45.28897983,69,10766.7
9,2.12042016,45.2893343,70,10904.35
9,2.12105687,45.28929841,71,10974.87
9,2.123588,45.28718057,72,11340.71
9,2.12852107,45.28321823,73,12042.02
9,2.123588,45.28718057,74,12743.33
9,2.12105687,45.28929841,75,13109.17
9,2.12042016,45.2893343,76,13179.69
9,2.11922745,45.28897983,77,13317.34
9,2.11823428,45.28858947,78,13435.44
9,2.11744511,45.28840102,79,13525.18
9,2.11663129,45.28840999,80,13615.18
9,2.11617842,45.2883382,81,13665.89
9,2.11583541,45.2881677,82,13708.3
9,2.11470099,45.2881318,83,13833.8
9,2.11410095,45.2879025,84,13904.88
9,2.1130637,45.28759525,85,14024.56
9,2.11219865,45.28729869,86,14125.75
9,2.11117341,45.28710098,87,14241.23
9,2.10895339,45.28714373,88,14486.75
9,2.10674938,45.28715709,89,14730.47
9,2.10520084,45.28718114,90,14901.72
9,2.10335726,45.287109,91,15105.73
9,2.10086623,45.28708495,92,15381.19
9,2.09929899,45.28703954,93,15554.56
9,2.09863018,45.28706892,94,15628.59
9,2.09757387,45.28752615,95,15755.99
9,2.09636864,45.28806705,96,15902.21
9,2.09534469,45.28852677,97,16026.45
9,2.09527536,45.28846312,98,16036.89
9,2.09520957,45.28844269,99,16044.51
9,2.09514832,45.28844723,100,16051.3
9,2.09507572,45.28849717,101,16061.06
9,2.09504396,45.28857662,102,16070.57
9,2.09504396,45.28863565,103,16077.14
9,2.09485631,45.28875455,104,16101.75
9,2.0936966,45.28915878,105,16237.64
9,2.09071497,45.2897825,106,16574.56
9,2.08779335,45.29039926,107,16904.82
9,2.08251133,45.29151339,108,17501.89
9,2.07950225,45.29215695,109,17842.24
9,2.07793476,45.29248618,110,18019.39
9,2.07749808,45.29251259,111,18067.77
9,2.07724082,45.29252773,112,18096.26
9,2.07712732,45.29248482,113,18109.69
9,2.07703147,45.29249492,114,18120.35
9,2.07693058,45.29258073,115,18135.03
9,2.07679817,45.29265392,116,18151.79
9,2.07630539,45.29282622,117,18209.55
9,2.05886366,45.29651402,118,20181.33
9,2.05822884,45.2967276,119,20255.44
9,2.057745,45.29714285,120,20326.13
9,2.0574231,45.29761696,121,20389.76
9,2.054573,45.30157126,122,20930.9
9,2.04928937,45.3088811,123,21932.23
9,2.0491031,45.30934419,124,21987.71
9,2.04795274,45.30939692,125,22115.05
9,2.04293957,45.30978317,126,22671.04
9,2.04176482,45.30985502,127,22801.19
9,2.04001378,45.3100239,128,22995.72
9,2.03682161,45.31026482,129,23349.71
9,2.03461723,45.31043207,130,23594.17
9,2.0327055,45.31060506,131,23806.44
9,2.03182889,45.31066992,132,23903.64
9,2.03181548,45.31060286,133,23911.24
9,2.03176336,45.31052752,134,23921.42
9,2.03167566,45.31048861,135,23932.04
9,2.03159954,45.31048861,136,23940.45
9,2.03154245,45.31050682,137,23947.08
9,2.03145161,45.31059907,138,23961.44
9,2.03142969,45.31071668,139,23974.75
9,2.03147153,45.31081038,140,23986.15
9,2.03154723,45.31088613,141,23998.03
9,2.0316588,45.31089211,142,24010.39
9,2.03174646,45.3108642,143,24020.56
9,2.03182999,45.31075232,144,24036.06
9,2.03182889,45.31066992,145,24045.23
9,2.03217053,45.31068824,146,24083.06
